0.746982343196869
0.7607578706741334
0.010591841936111457
0.4521999430656433
0.7914660048484803
0.7651784491539002
0.7010325860977173
0.49524856328964234
0.7923854660987855
0.5536173057556153
0.6796900701522828
0.7189170789718629
0.6072425913810731
0.7852333855628968
0.6387901377677918
0.7741946649551392
0.7647789192199708
0.804600841999054
0.5175114941596985
0.5986926031112672
0.6971294641494751
0.817977225780487
0.8113995552062988
0.8267065048217773
0.771301007270813
0.8173019647598266
0.7461369395256042
0.6237841010093689
0.8281866669654846
0.04551615417003632
0.8198101878166199
0.5873464107513428
0.5775394201278686
0.7069088578224182
0.801825201511383
0.8141005396842956
0.6717937350273132
0.815861976146698
0.5322378039360046
0.7041494011878967
0.612953896522522
0.7996299815177917
0.34664853930473327
0.4133616042137146
0.25690006732940673
0.8202820372581482
0.5974349331855774
0.5044203352928162
0.8653973889350891
0.7587378573417664
0.47177451372146606
0.5057944011688232
0.5390210700035095
0.5485419583320618
0.8644685697555542
0.8246365141868591
0.6907366466522217
0.08108379960060119
0.5119071555137634
0.6740803074836731
0.9540994
0.72865164
0.61996907
0.9822594
0.97354424
0.8328054
0.9151012
0.9827225
0.6645626
0.04031046
0.90318775
0.9594046
0.9614688
0.21437465
0.78726596
0.53682125
0.9165167
0.7773957
0.83840513
0.99496967
0.973972098827362
1.0551249551773072
1.074176983833313
0.2427992242574692
0.7477575707435608
0.7838641571998596
1.0624883341789246
1.0246340203285218
0.23696612000465395
0.34042026281356813
0.8417308497428894
1.065284149646759
0.5960115361213684
0.33242778658866884
0.8407240080833435
0.8646917510032653
0.85419114112854
1.0477630662918092
0.9299701023101806
1.0589717197418214
0.363721227645874
0.7607738733291626
0.7593583822250366
1.0938336610794068
1.0747399091720582
1.061521863937378
0.20646147280931473
1.0767558574676515
0.8040693759918213
0.8956822514533996
1.0512040615081788
0.4094913065433502
1.046511209011078
0.99433354139328
0.8951343059539795
0.8569507956504822
1.0315391778945924
1.0094014167785645
